79897900000  79897924999
79195975000  79195999999
79136700000  79136724999
79867975000  79867999999
79824900000  79824924999
79174450000  79174474999
79171675000  79171699999
79873375000  79873399999
79122975000  79122999999
79829475000  79829499999
79828300000  79828324999
79825500000  79825524999
79176300000  79176324999
79823125000  79823149999
79124325000  79124349999
79131575000  79131599999
79279000000  79279024999
79271670000  79271694999
79992853000  79992877999
79224475000  79224499999
79324750000  79324774999
79372700000  79372724999
79236750000  79236774999
79228100000  79228124999
79223050000  79223074999
79373000000  79373024999
79225275000  79225299999
79220525000  79220549999
79227000000  79227024999
79226700000  79226724999
79275500000  79275524999
79228125000  79228149999
79091700000  79091724999
79609800000  79609824999
79608280000  79608304999
79088775000  79088799999
79505525000  79505549999
79519300000  79519324999
79965960000  79965984999
79962305000  79962329999
79962305000  79962329999
79962305000  79962329999
4-6 ДНЕПР3